15 63000
16 42000
17 35000
18 22000
19 16000
20 25000
21 32000
22 17000
23 29000
24 17000
25 26000
26 42000
27 39000
28 19000
29 56000
30 22000
30 91000
31 37000
32 24000
33 42000
34 66000
30 56000
31 23000
32 41000
33 37000
34 63000
35 34000
36 23000
37 26000
38 27000
39 49000
40 28000
41 43000
42 31000
43 17000
44 26000
45 39000
46 28000
47 43000
48 28000
49 57000
50 28000
51 18000
52 39000
53 39000
54 21000
55 22000
56 22000
57 17000
58 24000
59 30000
60 15000
30 134000
31 34000
32 23000
33 41000
34 95000
35 72000
36 122000
37 56000
38 33000
39 32000
40 26000
41 17000
42 30000
43 32000
44 34000
45 52000
46 29000
47 48000
48 39000
49 39000
50 35000
51 25000
52 22000
53 26000
54 19000
55 15000
56 22000
57 20000
58 17000
59 36000
60 17000
