15 52000
16 30000
17 29000
18 24000
19 22000
20 42000
21 36000
22 24000
23 34000
24 22000
25 29000
26 32000
27 57000
28 25000
29 72000
30 39000
30 59000
31 39000
32 37000
33 63000
34 43000
30 59000
31 30000
32 51000
33 61000
34 50000
35 29000
36 33000
37 26000
38 36000
39 40000
40 31000
41 34000
42 29000
43 18000
44 32000
45 33000
46 27000
47 36000
48 22000
49 71000
50 18000
51 19000
52 20000
53 28000
54 21000
55 18000
56 17000
57 14000
58 20000
59 15000
60 15000
30 87000
31 37000
32 50000
33 45000
34 34000
35 49000
36 60000
37 35000
38 36000
39 43000
40 24000
41 20000
42 28000
43 31000
44 36000
45 76000
46 24000
47 36000
48 32000
49 21000
50 25000
51 26000
52 21000
53 23000
54 20000
55 16000
56 19000
57 21000
58 18000
59 15000
60 15000
